
06/26/08           Advanced Box Company V5.0 - Main Office         Page   1
12:21pm                   Cash Receipts by Salesman

            Receipt Date: 01/01/2008 - 12/31/9999    Salesman:  - zzz

Slsmn Customer         Date     Invoice           Paid       Discount         Amount   Comm%           Comm
----- ---------------- -------- ------- -------------- -------------- -------------- ------- --------------
001   ATT1000          03/03/08    1345         146.79           0.00         146.79   19.07          27.99
      ATT1000          03/03/08    1385         620.24           0.00         620.24    1.16           7.18
      ATT1000          03/03/08    1384         597.51           0.00         597.51    1.16           6.92
      ATT1000          03/03/08    1300         262.79         105.86         368.65   10.01          36.89
      ATT1000          03/03/08    1375       5,028.02         102.61       5,130.63    4.11         210.62
      ATT1000          03/03/08    1393       3,085.71          63.22       3,148.93   13.83         435.42
      ATT1000          03/03/08    1450       1,566.86          31.98       1,598.84   13.83         221.07
      ATT1000          03/03/08    1463       1,945.07          39.70       1,984.77   13.83         274.44

      Customer Totals:                       13,252.99         343.37      13,596.36    8.98       1,220.53

      HER1000          01/02/08    1094       5,000.00           0.00       5,000.00    9.50         475.00
      HER1000          01/08/08    1078       1,111.00           0.00       1,111.00    3.00          33.33
      HER1000          01/08/08    1030         969.35           0.00         969.35    3.00          29.08
      HER1000          01/09/08    1030         969.35           0.00         969.35    3.00          29.08

      Customer Totals:                        8,049.70           0.00       8,049.70    7.04         566.49

      XYZ CORP         01/28/08       0      -1,000.00           0.00      -1,000.00   10.00        -100.00

      Customer Totals:                       -1,000.00           0.00      -1,000.00   10.00        -100.00

      Salesman Totals:                       20,302.69         343.37      20,646.06    8.17       1,687.02


002   555CB            01/08/08     906       1,565.94           0.00       1,565.94    5.00          78.30

      Customer Totals:                        1,565.94           0.00       1,565.94    5.00          78.30

      ATT1000          03/03/08    1214       3,241.79          66.16       3,307.95    5.00         165.40
      ATT1000          03/03/08    1300       3,851.61         105.86       3,957.47    9.53         377.33
      ATT1000          06/18/08     555      -8,345.01         320.00      -8,025.01   10.00        -802.50
      ATT1000          06/18/08     555       8,345.01        -320.00       8,025.01   10.00         802.50

      Customer Totals:                        7,093.40         172.02       7,265.42    7.47         542.73

      HER1000          01/18/08    1389         943.40           0.00         943.40    5.00          47.17
      HER1000          03/03/08    1445       4,733.70         203.96       4,937.66    3.00         148.13

      Customer Totals:                        5,677.10         203.96       5,881.06    3.32         195.30

      Salesman Totals:                       14,336.44         375.98      14,712.42    5.55         816.33


003   ATT1000          03/03/08    1345          13.67           0.00          13.67    3.00           0.41
      ATT1000          03/03/08    1385          57.74           0.00          57.74    3.00           1.73
      ATT1000          03/03/08    1384          55.63           0.00          55.63    2.98           1.66
      ATT1000          03/03/08    1214         241.79          66.16         307.95    3.00           9.24
      ATT1000          03/03/08    1300         262.58         105.86         368.44    3.00          11.05
      ATT1000          03/03/08    1375         375.02         102.61         477.63    3.00          14.33
      ATT1000          03/03/08    1393         229.92          63.22         293.14    3.00           8.80
      ATT1000          03/03/08    1450         116.86          31.98         148.84    3.00           4.47
      ATT1000          03/03/08    1463         145.07          39.70         184.77    3.00           5.54

      Customer Totals:                        1,498.28         409.53       1,907.81    3.00          57.23

      Salesman Totals:                        1,498.28         409.53       1,907.81    3.00          57.23


CMB   555CB            01/08/08    1305         222.00           0.00         222.00    5.00          11.10
      555CB            01/08/08    1112           0.00           0.00           0.00    0.00           0.00
      555CB            02/21/08    1464       2,000.00           0.00       2,000.00    5.00         100.00

      Customer Totals:                        2,222.00           0.00       2,222.00    5.00         111.10

      Salesman Totals:                        2,222.00           0.00       2,222.00    5.00         111.10


         Grand Totals:                       38,359.41       1,128.88      39,488.29    6.77       2,671.68
