
08/14/07                                      Advanced Box Company V4.10 - Main Office                                    Page   1
 3:40pm                                              Productivity By Department

MACH                  <---MAKE READY HOURS-->  <------RUN HOURS------>  <----MR & RUN HOURS--->  <--D/T HOURS->   ACTUAL    EXPECTED
CODE     JOB #  SHIFT  STNDRD  ACTUAL  EFF %    STNDRD  ACTUAL  EFF %    STNDRD  ACTUAL  EFF %    ACTUAL  EFF %   QUANTITY  QUANTITY
------------------------------------------------------------------------------------------------------------------------------------

408    100305- 0    1     4.3     1.0  425.0       1.7     1.0  170.0       6.0     2.0  297.5       0.0    0.0      5,000     2,935
408    100859- 0    1     5.3     2.0  262.5       4.4     2.0  218.0       9.6     4.0  240.3       0.0    0.0     10,500     4,816
      ------------------------------------------------------------------------------------------------------------------------------
    * 408 HEIDY     1     9.5     3.0  316.7       6.1     3.0  202.0      15.6     6.0  259.3       0.0    0.0     15,500     7,751
      ------------------------------------------------------------------------------------------------------------------------------
FLEXO  100860- 0    1     0.3     0.4   59.5       0.6     2.1   28.8       0.9     2.5   34.0       0.0    0.0      2,820     9,724
      ------------------------------------------------------------------------------------------------------------------------------
    * FLexo         1     0.3     0.4   59.5       0.6     2.1   28.8       0.9     2.5   34.0       0.0    0.0      2,820     9,724
      ------------------------------------------------------------------------------------------------------------------------------
mini   100804- 0    1     0.3     1.0   25.0       1.1     1.0  111.0       1.4     2.0   68.0       0.0    0.0          0     5,000
      ------------------------------------------------------------------------------------------------------------------------------
    * FLexo         1     0.3     1.0   25.0       1.1     1.0  111.0       1.4     2.0   68.0       0.0    0.0          0     5,000
      ------------------------------------------------------------------------------------------------------------------------------
zlm    100812- 0    1     0.3     0.3  100.0       0.4     1.8   24.6       0.7     2.0   34.0       0.0    0.0      2,000     8,182
ZLM    100815- 0    1     0.0     2.2    1.4       0.2     0.0 1050.0       0.2     2.2   10.9       0.0    0.0      1,000        94
zlm    100857- 0    1     0.3     2.0   12.5       0.2     2.0   10.5       0.5     4.0   11.5       0.0    0.0      1,000     9,350
      ------------------------------------------------------------------------------------------------------------------------------
    * ZLM Flexo,    1     0.5     4.4   12.0       0.9     3.8   22.5       1.4     8.2   16.8       0.0    0.0      4,000    17,626
      ------------------------------------------------------------------------------------------------------------------------------
   ** SHIFT TOT     1    10.5     8.9  119.0       8.6     9.9   87.5      19.2    18.7  102.4       0.0    0.0     22,320    40,101
      ==============================================================================================================================
   ** SHIFT JOBS    7
      ==============================================================================================================================
ZLM    100815- 0    4     0.2    18.0    1.2       0.6     0.0    0.0       0.8    18.0    4.6       0.0    0.0          0     2,805
      ------------------------------------------------------------------------------------------------------------------------------
    * ZLM Flexo,    4     0.2    18.0    1.2       0.6     0.0    0.0       0.8    18.0    4.6       0.0    0.0          0     2,805
      ------------------------------------------------------------------------------------------------------------------------------
   ** SHIFT TOT     4     0.2    18.0    1.2       0.6     0.0    0.0       0.8    18.0    4.6       0.0    0.0          0     2,805
      ==============================================================================================================================
   ** SHIFT JOBS    1
      ==============================================================================================================================
  *** PRINTING           10.8    26.8   40.1       9.2     9.9   93.6      20.0    36.7   54.4       0.0    0.0     22,320    42,906
************************************************************************************************************************************
